94245901
66665162
15039335
93691851
64781145
21030130
24061390
63640796
85292672
74278146
59804743
28865557
55387985
68541124
89118916
32995372
29338500
62647769
21619757
92188285
81974288
53758970
84760185
65253646
30354151
36834410
55817748
94959109
68269543
88226748
59438977
28355181
17838508
99660335
37636008
72247818
63554207
46139003
81478426
58909617
97176268
60767240
66630106
68674795
89567036
74907674
22252980
76737206
14602881
96435358
21122997
10249757
47515739
99371559
75349229
58970524
60842484
27027295
92769145
35057165
51818666
86051403
67383885
74663847
50702762
48257350
94263786
67080522
77161715
76490631
37566063
59688554
32835967
68125730
91284208
23827925
37362491
57994464
40302035
67056828
79373005
45863590
86669341
38634812
31583089
49155571
31042153
45451890
45314277
34653762
88089797
89025308
36307082
60560929
64508330
31980873
24842023
70139128
10056534
78908253
17868088
20892760
26573729
65115172
58805404
26879289
16541709
84709312
24941709
33194541
39036650
47741680
87405886
19489760
43579662
10902897
12303664
68025076
88701779
42587524
47970446
68946778
20036386
61161498
93252844
14602542
56962937
60541377
58562055
70302776
75890240
15509507
51978795
76362638
87062312
21294565
89613797
86622756
60603653
32763778
73206748
99800493
10161597
42221030
34594047
38314310
72204626
13300695
17569636
78577414
92453764
69499321
56638667
16283470
66812969
12322965
10614277
18521133
64463533
15251206
44206571
31305959
35795279
67578957
36258771
60812743
49447854
43533093
58289601
46784178
51443679
86855720
92862999
30954830
47433543
44292939
73324143
97119904
26310870
11246486
89047293
27097258
42923874
79826137
52125527
14346076
91751062
18898228
36666521
52026056
48504989
84545744
61460897
78584355
90729752
57660213
42504821
22125121
37929766
32686803
92236520
65987502
54792240
44430816
35842323
23498443
89747399
56223664
28167873
43553269
31475905
42408401
16735255
71414816
96127991
54900436
60391484
17828541
17558621
28022431
20378308
91832877
18503891
72866595
53018484
70876706
21344803
47144919
56302280
73604688
97677683
76029029
10322892
61617752
14273296
70369606
11176130
83855243
20225424
47971528
93546951
15623521
59640762
52284597
23111127
31271564
11526021
98461096
62242498
84836870
12699492
77449961
68750867
37547568
37309675
55710097
36254101
98972206
74964959
54129813
68387535
44578410
98200446
96306197
37512607
88008428
92424743
24477794
27561801
30412876
25809485
41086371
58774519
25999316
97829734
18959080
77454312
41402651
13057042
15547503
88537677
36875412
83551356
15848682
89475686
51348185
14194687
27586624
11620354
25252878
29109481
14671633
90557276
71882528
83307382
32445757
99295231
97784526
46073048
73531994
48837339
85925667
65412166
45260166
12227831
14801945
71893473
95441519
77828141
10746013
91514081
55713635
92646762
15413950
86291820
18532446
30669714
47880236
11254599
63126324
19005299
13822279
46437439
21333161
35702285
36247118
20122180
84648500
27544115
81736559
61755851
32797706
89224969
81429975
57152461
62887185
95907429
82320373
34338646
30350153
85198806
34022988
54332007
36372704
26568290
81984307
10355133
68169009
93444745
29544646
52744411
48382282
31975466
41729887
38350542
68371773
51013983
51306287
63604208
94093489
26765163
11469459
46666421
28860128
41889899
63908076
68997900
33762230
43078118
99946167
11550206
51904435
34103904
97343713
36071735
98572943
32686413
86914011
66714841
46469065
51074886
13960507
93961915
44640540
85496954
23896384
78610763
13717649
22430283
96871875
15331928
21400016
94285307
77596114
53964015
24002741
96005495
63937667
25714972
85751100
54319478
26921187
72501228
33307639
87773705
30474425
47888663
80746441
46086259
27027005
42435360
87671365
42409905
92090766
64278960
32964340
91254212
60529740
21412009
24799991
50999718
36477960
73764710
69622516
89547306
25231990
78598372
66344990
77625095
47096888
82681875
75244443
53153394
77210679
47615502
51679340
90365733
14152437
96852947
60133819
28885338
18977929
86803333
43839494
11994821
40474952
66137495
64105801
12392831
32937895
52148517
26652083
85453865
86944419
63514613
24323331
67837082
44989412
91299458
56803476
30604469
19169576
62275111
75015596
84906099
40101052
20969404
41181735
49339581
41636909
87130678
25134514
78605642
83680594
57544092
12339584
63842244
66566866
91973727
64787457
67707868
23142072
25378008
18065109
16998094
87717717
18762971
74380710
58459171
39196230
29291377
99783206
81895224
72478704
16568224
15913087
45170257
85104133
38549954
72236089
67137976
92553955
67820996
56845029
10456827
40849407
33541095
30230481
21149777
41614876
75703616
58908185
46932158
40878825
31287673
33580410
90356187
17333574
48111088
28354879
98841619
33703967
83085643
59488218
68742203
26069608
33732687
85532221
74468011
17410812
35448148
61803206
96946179
23119471
60545714
78360312
48719743
91937517
39653401
38141786
34236654
46888789
83240005
19992018
18979162
29564791
64130593
26966462
49697493
35508467
10565112
23589511
58748862
90582007
79324854
18059471
81013453
50312392
20521071
46339223
68950286
78989107
65768001
37987311
67666533
10653761
54154008
16483276
25137397
57875811
49916957
15688013
48706024
65228933
64493237
51924496
83543731
68813948
99468289
34787320
52118978
78075341
33748339
50972562
85974495
81054633
70061237
41443023
61306395
41558237
76445595
34152511
46242319
22486566
86704446
30448455
75643543
43851867
13332215
88315994
83198766
96430419
87100329
37616844
50873671
57898145
44300847
39357297
43479340
50672310
42425517
60922415
11083518
86702877
52252874
25844516
89003722
52811118
59192231
68098199
62512739
16721882
67673027
82235833
37697511
71903024
75558904
48963001
17034834
28375817
92276166
20164696
24874113
30249008
72666130
24173403
25927737
42938481
14685722
31896326
71847340
81146310
56593138
45790875
66245597
79750967
40442204
68040121
93624296
59501351
95505615
16978886
31426791
75686110
53231486
59538928
16552122
59075318
80439615
65628043
69566198
23026301
74311832
75953944
62734538
71183117
81821286
27809941
22383043
71135020
14165870
15710426
73052364
51113313
51323340
72387589
87850896
72001712
45405377
96629667
83058608
34438100
60019416
64073198
18674157
98263696
17364458
71308909
48868805
43925155
58620088
70378127
16891884
91479376
72009505
95580930
65823567
36164056
27218224
43938822
59799238
36376673
94718277
19742332
42652506
46743247
98069607
49061348
92184808
29638769
59336873
91221039
79100706
11890804
80820052
12788488
88891006
20793874
36705885
33883042
73484965
37607726
45634067
23847109
37439101
74063059
73415875
32320943
73684218
46849371
23681379
47767996
93965455
82280377
77525131
24063080
28358563
44308315
45318708
11416201
24305717
91597761
60848437
55583124
50049992
57740122
44627622
24905162
14029667
69793505
38585726
45295979
77388840
33382001
18207541
82848917
66718857
30786048
33228017
90305713
94295027
91417000
40908667
90759518
83291205
38930547
17080968
25343465
86901266
44216884
77095916
95358807
18153887
89380595
86930819
58426701
57924897
94325839
55335293
90650887
41843234
38724219
34643957
22974986
88017229
50546831
69324164
17034435
97367059
64632967
38993504
88519807
66948550
44903907
84403669
42162124
24578050
97807173
56394093
38183577
12884365
44954744
41323669
73134579
78328063
89900701
48935148
72015605
68245137
87910061
50841607
12275376
59882947
63068082
48737652
51766227
72912749
21665571
57798612
32845943
18569577
10133548
59147742
90103018
15778271
12732485
26823760
83667078
35125660
51385879
23071781
33066412
58414448
29674962
66499169
82738400
51785071
99174802
23993308
38424523
12238354
28153478
65946709
72076501
12726088
15746489
84313738
25214815
87651596
24704162
56085910
53540205
37746851
73199001
36580193
18094639
81298309
93889878
97874525
43850804
24349112
13378973
98261200
22096236
51646366
51168933
52865053
58491001
24218323
11392346
99847750
16587712
10655221
15612482
30020979
66287867
50193733
39719272
83699549
98231488
92056454
54549215
56436887
61795973
46546565
84563678
22076592
13417460
75550476
61921986
85220051
28943377
82339638
98335160
95750697
85568010
37487923
28402874
90768892
95749965
57144031
67113339
87714703
98427607
78930203
32638268
61710105
55731742
83808758
84120819
25146065
38288593
53420992
65635434
84134569
53187984
60508017
60747990
29178153
17698463
70178735
25136535
17414913
83617133
60382571
39253872
20180109
51939698
99403861
70343964
56222668
74458554
86869975
65822245
19275773
66657650
65628657
19726969
78175431
83264410
64107746
76654978
90091672
21483358
96537817
67773028
33390432
29235934
86965198
59660413
86290009
97100282
96835853
23622195
71720112
59071410
44949370
11353357
78031623
67936637
78208499
59998340
19176203
70460809
54869973
91715569
60197593
24501156
35124916
77313940
30485866
71994443
15822500
47350276
92382528
27738031
89562172
53595748
59329892
28788678
90502749
51288278
36160037
63177074
57559184
24865718
30491319
64829940
89030975
62461841
16597407
23453302
57043056
75607482
77099871
74569819
18862157
22090078
49056179
50409962
64119465
33314161
91668883
94724909
70796959
37917364
86922415
20108473
26625074
55837165
98051575
11288319
41511391
31760152
99217781
26122767
66140176
51303754
94403596
49812139
93779573
68596152
15447173
59600504
80286798
71252649
21947344
77276523
89123483
78701803
16204540
73141504
19183315
99946330
65509107
79699616
50473309
14559647
86011313
99353079
81099611
44764510
45947585
67358267
46363310
88440129
92126732
35463683
81447243
28286066
91933163
81182827
78550876
86739857
17213610
94884169
89799764
61001035
88115993
45120858
61092587
12881748
63646023
32993316
82056149
41127265
32425715
94883243
37416481
14869415
15155798
70187358
25323405
14438675
65188868
91933754
25936181
72375503
60510479
66714573
20040390
37720362
83386807
52621965
26818178
92137837
53197253
21368070
50627388
11280005
89313662
82799138
89005901
25393793
10817945
86037732
82177146
40180684
90124867
75963990
30491534
38834898
53673982
84975890
74215030
67493712
99781344
21795315
88388221
21920873
70264368
35537388
63533622
23420620
38929149
24891506
97637254
55948025
29447658
48687888
98824337
76960593
45250838
42523636
72653902
82848198
69154629
95660589
67376021
13058537
81710110
58653132
60804456
19328072
47042692
95865051
42204456
73647575
21620785
84085931
70256708
33503051
80500013
42016236
86502189
15147282
57968548
25565459
38829237
82077086
21556216
17517474
42169196
16363271
72462528
17375127
66625406
42711602
33029302
85071776
97787883
92453681
66107087
16202532
58026417
48558908
51369789
85829069
77369265
90475566
96355022
34103254
14103779
30959159
56685604
30924469
16332135
80121759
61001229
63819098
56508549
24727547
50788354
74488878
52195341
74646094
17842253
59179326
23456926
15297237
17256496
58490200
81715823
60360747
71166787
42484792
35734360
22064646
98025788
59581536
69468477
40932215
33525804
86148854
89446539
43687217
52664944
54700933
48103602
19142879
65072311
18530566
87582877
36023243
46638430
11988063
32706858
60348536
28536790
44125505
75385562
81418901
39635845
59907427
36311636
98129944
10885732
29798222
94380355
66743412
35598344
17649028
79094636
46182840
12909494
22065292
96676062
76387120
35419484
20567252
39789600
10881369
65734573
78776528
32982681
32980342
69896021
99127469
14245274
11114077
76322952
38235615
97070296
75147728
94995042
58238202
49961392
65570060
63449889
37461806
58711085
61291505
48314710
24383773
65856640
20882039
58879838
68804070
17736113
77842369
24212784
15686627
75256005
23184401
38169782
29211045
16750677
41442493
95606293
20413043
20795252
33419330
49753015
41724160
19797231
59376145
21024646
87826978
90922552
42157162
16043425
11990189
48317420
36271238
35914296
84325083
48031294
17818382
93739609
93112398
62735968
12313165
11344819
60732277
91591273
80172901
57800903
95906157
70845158
46452238
40131510
98111093
30253185
57662164
61189642
33763639
86617170
51393327
17290169
91649759
56267480
98346338
19851371
54790081
57690988
30308873
88236706
28743373
21416788
86764932
10322105
31960380
61292512
52551649
55137245
63159606
77544529
39678962
67890677
28201635
48188661
26603650
16691278
68590222
71883103
39538917
38943408
44677625
83505580
75507088
71430981
25501101
85688232
40435765
90483175
19665693
35812686
28041680
75265057
17259841
12704049
98545431
60413545
77214201
26804135
62588474
32144527
14379516
27163902
56316739
78886831
49525165
54668838
11273343
39858773
69790828
20085308
28538168
62215271
55149542
64652914
29653559
44559653
87259533
27070855
59207821
29903483
60999951
89187998
24379820
97144401
43240557
73612369
67129142
12497518
82048664
93573025
73071264
24912881
45788945
27992981
29034924
36699731
50241788
30834523
83332079
88500401
81664458
13025452
35582773
93920766
82983368
99746164
78506928
26995362
83398398
57634573
22154781
29072493
57034029
85904774
90879923
45428565
70790682
86725464
96535476
91393341
53931070
22373654
84978875
19196398
98731564
47177666
61056550
63336343
57954079
27331973
75159067
30575700
73536217
61355513
96080643
51782089
90291924
14000055
88717661
54077204
70121596
83953717
17512165
49335436
74201595
11932029
62843037
27118755
32038564
73129107
69367763
24194511
97957340
27373361
89907732
64227958
81641094
73728739
54478102
28817775
95365221
95141279
50520979
51769273
74144043
48398505
12804962
95976985
48910063
39561021
87910427
23514202
17110689
98110527
51815006
86883458
28948015
27556618
31402125
99760416
61451057
38338500
91842184
36722060
42312990
13431642
88037808
80823032
11748025
94288151
60730145
20797933
85806872
15335228
84049529
27035387
17843677
66030512
56225587
47459977
28604470
49667154
44951723
25157059
40683730
69665895
49128956
37294203
44311421
11570121
33206412
20998795
13672245
63268525
80108536
62171784
36426296
34000307
42321056
67785945
45068762
17311643
64198317
59034052
61370580
25138152
87388272
80962575
64310251
87766726
18964095
87304961
60548417
37845332
63273170
58781658
13988816
85433665
16469748
74353642
31035189
55852074
59098923
72816093
32832424
47860491
12714759
19104736
19686476
87320272
55009954
83895884
61337583
96295953
20844875
71863455
70609589
80019889
35893739
84972490
74234019
73476945
45289519
99663315
99044128
17853058
21131808
21312372
58437197
80162886
66599058
45492795
74496203
63808128
80004069
10141493
58501000
62010331
63134276
91551042
14717510
35409972
55464781
59396034
80685424
69063793
22934439
58361604
73852785
83720189
91967395
91113213
10990721
38001062
87969238
28120592
48776256
47377270
38483311
44528017
28063784
67657752
47137225
38947569
73307678
30091019
38728352
62220226
18751018
30294614
90354585
22937101
98159163
78113935
43156296
37849023
90694292
62598147
24681701
71406807
21643805
13792266
10765835
52053350
77856346
24789720
87681983
79725965
80593155
22457230
98616920
69711846
30357621
15856065
82531821
40579538
65947634
35893583
30512727
98954449
81627566
69223302
42535366
90339837
77585991
26008034
46143295
56834058
65152726
49176242
99786940
50713878
21544233
75418440
46166423
59816484
85747799
47875463
57932668
64934068
37083892
50704701
17457893
10548446
97528625
57539538
18773793
16026090
12418181
48544330
79656695
13817213
22171647
56592693
55758022
70056827
27824172
79651929
66376314
83773481
50585286
59118381
12931120
89678544
99905412
14680798
76858382
66977191
82756886
68352109
22711584
63764136
35385526
67099514
53322969
42742403
21005461
52815887
35302733
23505948
51200638
12722709
10076412
15857556
50513658
92534339
89888493
50659138
28732108
89659710
98752605
95448040
53298648
70236663
50362526
36649930
97298318
35615464
36611194
14062017
75247497
76800729
37097901
80473763
69654358
50794964
97299642
83050254
25460356
82261621
38435844
79348791
29087372
39384923
57513442
89391318
13092732
36473597
63073040
27186031
83825783
32946485
57676704
59568997
45497984
14778072
18464443
25059113
25286463
68371178
12613043
46472076
50129471
82815681
18632111
12876156
80112915
24563239
29149124
52475679
76977671
67416861
44123663
63952359
93607680
71376027
88968318
35062719
57089663
94963831
77505756
26236694
44750609
18805747
23120372
79150207
11133585
61692329
45550816
26931656
78733437
18653884
12479038
47735042
45304864
29095305
34861782
20665285
22407236
37261711
55591836
74487712
91364122
62597179
14195080
88196686
56251798
43951213
17221751
48810398
95259550
75070460
69612719
79982429
19414355
11979372
17702346
60728378
15672758
80442211
53060631
45386500
37426618
88246873
26642870
44993049
28363939
65423527
61237592
63731365
81713737
18527864
60389302
39491357
21939354
52085309
14590956
35372349
67457238
53298320
32432041
27501901
40052931
48664843
28405284
90603515
96488985
89750439
37890418
12805770
79994785
83955300
95312165
66879039
24646363
56736914
77471335
28793235
41656742
15063138
84932504
51383695
10454772
11212541
65427753
21851428
33161789
70077031
34718929
40619615
81248796
24841873
37458333
10272000
97614908
12587611
20370380
52087478
98299167
75071040
62822380
32939896
14286056
36668492
98284087
49201374
66212404
14295887
42715020
99792007
19269960
49342094
87933178
76329641
13374217
33203336
44969904
42908599
37771948
26222660
81663012
36244937
41338587
81216161
49228524
64398742
67079036
62739850
51601746
97727224
73836426
28983855
39401146
68573438
36102970
25687815
24819033
28297362
22872804
24739158
86527092
96265844
67454164
66258033
48041309
58552402
44351834
61827377
13998114
38425569
35136636
30663538
55075736
41032224
48354674
80825491
57874699
63494841
60324290
90931439
26511298
15230411
78206584
77670142
26146039
18567847
45750787
65080000
88175613
89400199
66506875
31891634
53423164
86745167
86287337
12215316
53856988
51070197
45112122
22982866
64750441
12473899
52169130
46452645
45656394
40404546
76474231
85029186
86580106
98304579
45100667
29844275
88905964
50829744
84278106
33458351
69154458
93534592
12651250
78395543
65277712
38593097
18490685
53625811
29444028
11708699
15550162
32805469
32273773
41028006
61669630
19539041
48830376
48770694
52023124
44929115
22387754
95619997
56352191
61720320
67035924
19264969
98532385
33687634
70407909
72237732
67712219
23790054
55238847
17441280
18263681
43832922
31104938
64132838
73602988
25233668
25954975
33023756
41027865
90171559
15778849
89446381
34769472
59161974
64627554
10047283
78541323
14586936
84532163
80539275
97055751
82368367
79980938
62726918
73036836
79950943
81008415
56113202
63060337
95174107
38447469
89918292
32222549
30656741
82035276
42291342
89778583
10711276
36160941
74569855
96055904
57272022
59203923
42870845
58019509
84929247
25298229
48987776
60035257
26477469
43473324
89112175
63287476
75040964
56266536
97095041
26661386
19843171
27453325
98553480
32776480
13134304
64050465
69662943
13225236
17065856
11438014
54562951
49387679
74816208
20340105
75668710
93259820
29584149
18425525
19793390
71499136
74049950
54495474
33336752
57073496
78751433
63052085
17268517
39439391
80151929
62409657
75666045
81130444
15207043
24552528
63655705
76975782
94845895
46890192
47567592
19823577
43587321
97842975
96028545
84554013
86704104
45582520
60899148
35557832
17154141
32992495
51675147
54456108
49565157
82602617
94725467
75211814
47180885
86478840
51880343
97293971
84558315
92447198
16553192
41636908
86817328
77266881
76179715
61103901
32129528
74842073
97650771
99106888
60231961
13880173
24560646
64659236
78662503
71137729
77429444
94420733
23182095
73838271
11333617
42910827
44914211
18108322
19486648
56965307
66184036
16945784
62232707
77637362
40554515
93747694
87834044
77996870
45478061
67523306
39705875
94332458
47217720
49146281
12136134
24721861
33110841
15519213
18810904
73712166
21811811
20991231
81763270
47926688
90457345
30030763
13036793
42983764
11516109
55640381
47060414
36686308
33298076
30139072
11293256
22602699
79198778
58030712
29199123
37278142
88280081
76580496
36714239
23573689
20890518
26018520
56696968
22457862
83395409
28076166
49170391
75589731
34152754
40494030
22660095
22150156
97810195
28515223
67571851
75180508
82517256
53278082
87819655
50007885
85661242
98465447
79982741
11516975
17264448
95105271
70560696
97264936
13680372
15057341
59248998
28483865
65917652
28873677
23560770
43852816
62210995
78182991
17350916
75890462
94249654
54018128
54577971
17823034
33110805
44691973
70321528
15351021
28576831
97267149
58647935
27895109
23760797
10959020
76106730
43524480
41822243
10145775
39777799
53878025
67982390
16669075
36548542
23204986
67922075
23162696
27366512
67106017
72903077
99843105
60525605
51384613
66132210
61942090
60425275
23203317
49194679
90575333
48910499
46471791
55289904
37582439
87506357
99008974
41741515
70436820
46192214
36082594
24444655
22074195
48338389
76759404
69284493
82973941
30937843
35261145
80227198
81103969
96794634
67718867
16452853
34250358
64787249
31220616
83424287
81718698
59182383
55748094
41303691
53387944
20570007
32834191
91647395
91054738
17211616
10263870
58781689
53550633
86723677
89636021
89921670
37130696
64338384
35511689
92997345
72519228
21743574
52679230
88521820
60298419
80393467
31882678
87214562
63009928
93165998
47713034
75920920
20932725
37388794
52023127
96272213
12552010
97860448
74818241
86959612
43542700
37647116
87987462
49525283
89334021
66678581
53993731
80460985
19214801
89682090
16146057
47607961
86244592
14245735
32583570
34273362
57421041
74658369
90748984
25682679
57676692
75589851
26550309
59712602
89831709
47438130
87336060
46955695
15425952
72871988
42898474
25280390
88992619
31680020
67140281
32588670
76872668
89944857
47653674
50307378
57852947
60084188
38419585
21313596
81382188
15950417
88924346
73656089
89606261
67704965
90153081
53745515
14693115
12834090
45852930
97573619
55966808
18380983
87960402
60906711
58499496
88863064
63502021
12082370
16148770
84335560
47677898
18278930
65981940
66644719
31847176
83173500
21395944
82346606
91209910
28092102
19174177
62419464
70964947
86416226
83544413
47303321
42992071
29782414
63783933
34531095
70901714
42641383
96467435
49333946
24468293
89713841
84108738
92183571
21573224
34411882
68374684
52541816
57539317
43769575
77103868
73088368
10836384
89902485
29395263
13961608
40555899
46535555
27778455
97819429
27433083
91895147
87164158
50051658
35641679
84288798
23056893
85898668
34957416
61343038
45927314
44383893
19469543
81043937
22461081
12015950
26903003
79711934
65809385
87238016
10091142
69017362
47685721
89460162
54450450
85818761
30975252
73951348
91369509
63488151
72307605
68002871
47618353
75163306
33955384
66311641
91146514
54793234
23110319
47502150
19842439
89658918
84216619
66490762
33613979
46764966
47846973
91703814
89969084
55271728
67932612
52680185
97496331
83025965
62080954
90412889
92053909
79698926
91779002
44350874
33084215
37082529
56178615
23741445
95437854
42878238
78503260
53865615
79296564
63792825
60627707
69484924
50951377
83514170
35367144
51733101
48877261
39408637
26366512
65627259
25022535
44564413
95142349
69364400
73818302
19299473
31226902
16776056
27605187
35891253
31656326
53075873
52865380
46815694
94322336
21745313
92277035
65293375
30738340
77717945
45004106
85653349
68228541
19916634
47778234
11665357
72896796
98733243
37149366
25570460
14986177
77067208
76576068
81997010
17153471
35401368
28317466
89156044
78896082
79732540
84588241
63395003
48768989
74944733
26380287
34378645
21985244
44117276
34264979
74237244
30399150
82154559
53069779
18017535
13701329
89407144
57474205
60349965
47879594
52062926
59974245
76782729
79833455
60218393
95834645
39336995
67105340
18330219
59342791
75299074
80023187
30182760
49688960
84076449
19018043
23178327
34395485
39601270
38259297
12359145
36993670
13834880
47766612
69807740
93270020
74339525
25765601
65969804
27523401
43963403
47989035
24408319
68307098
99277462
30402861
75954106
37906869
22467493
31456339
36696063
57260939
86998655
88636460
56210434
59338074
13843762
66266888
15321449
99947751
25599605
83638776
46942177
17667202
46612537
44966988
24605293
20205388
39523916
87937519
69925239
28512983
44131382
16449462
25356932
13106806
22787812
79505885
77833333
15774070
82506914
13604394
85728485
86742143
36864142
25092528
95673569
32404460
54059613
93995730
28601783
23533631
86210130
15014985
18689764
37370532
44613780
22781368
69772952
67375556
40906078
15244102
22126414
26303010
46635051
40497478
97543449
26433601
67639903
56522207
94793563
75421130
67669532
22309228
35059304
73664804
27646408
87396567
23892313
78953015
66484777
15804212
42955326
80214567
49446813
53124186
74620779
53687441
57717607
44910169
99163887
20565898
39459249
89034309
43048835
69819370
98064855
70684894
47169929
48009229
34000033
17883823
52152799
51506311
36163102
44664440
77516078
50358948
99694312
22946658
51374214
34672696
65374496
73980188
28056725
40357923
43458347
82101508
79214071
32704836
56392609
45130238
63493307
76980213
98685580
87760027
87185770
40597374
64042852
39920334
95316807
17048466
99134558
81919956
83877843
94239786
76483367
78128112
19108662
10382502
44041663
36764471
51973146
58066555
55403087
91959345
15666136
67816809
75182839
40563237
61369608
75466055
58596469
10640079
37466746
43217852
40420594
94834911
52301745
70931190
87763962
23523872
79260747
82422769
48480227
22478870
59212330
36417876
22002329
96966384
24217784
36721016
21321512
60408317
26943756
79521723
94515160
94196348
52859099
29237053
73437134
80806986
78417290
12231281
18987620
15973067
82468964
13622847
78587094
54129693
39352803
12839197
60530604
36300077
61949036
81091911
96412280
11929580
93152104
67936454
13491476
70838271
93199755
63174974
81466938
20637250
70352682
33334287
68873250
88307884
27796302
51024680
35187185
51709553
66200592
64348527
81381470
88845317
16032320
39836435
87291636
79115994
11756130
20977572
96261922
95991526
61947914
55717327
79554625
52971372
77585509
15419023
86023893
80696310
92380505
47026831
34951571
15145271
94973107
18974924
13234898
24009712
77056564
98710583
51870954
33713949
36756855
86001317
74754493
82055330
17672081
37479096
47345227
96515821
83272983
54275064
51681252
78762725
68727353
35305845
94785888
27433511
15276296
88427090
82982145
57146540
88709757
35281820
71723088
50253678
72144434
89895689
31420726
71343699
65976774
57517063
95991826
26902098
90444068
61837169
32794523
90189667
69965929
13645592
98658750
89266695
77804081
52909737
52461533
96648830
25918417
14700595
91333758
79956188
10325555
36551423
24861505
40710980
34398242
77800451
48863329
74679055
92676746
68470851
15508937
37017237
24649160
56929178
41658351
53317499
51875667
26626825
40603727
95015558
20007004
94186900
74760988
21025082
69418184
88544810
14093668
62311821
99292413
73076155
65716797
55000246
66978277
64088761
32790225
17289016
68922129
72991835
34534781
65308214
99880118
83841031
43732212
41218758
49676052
69539331
13156134
48985707
20804123
56996552
77014620
27877406
11047780
58404578
42657768
29767021
72377217
90216231
94403160
46168416
35745667
94520040
37481053
23242743
47786666
89311727
48615766
60852731
46702360
42506396
30343088
32385148
82139630
70939832
29318003
84933493
60749745
85597078
59385919
19619923
49682087
16247334
31428434
76882662
37783775
29622322
59343498
81083617
69397878
68113919
20222709
49507178
19660499
31440918
22755821
32024620
12488018
29650386
49743556
60814410
66001818
35051164
75606786
52664037
98577341
23952298
17035872
54197986
60548748
93579228
52804607
53102140
69743640
93142476
49641685
99277412
29512174
23733316
12002585
19544254
92299455
11056109
52420721
71352291
66995247
94544927
66785138
93412491
57728416
30797047
40434997
99704112
64123480
61005687
66426550
29968599
41434800
74640459
15519304
83763527
89516370
59957719
55171521
39544187
92458334
16820559
26849711
79449380
47864329
64565476
57116447
85333357
51915198
33437343
88320686
83569688
51546048
69627454
11285531
71031155
95807593
85621533
81991471
74725053
46740240
84785040
85767895
95132725
25688608
62723750
75159835
40439539
35627523
29153337
83961199
74582783
60991420
31794541
63226892
96187834
26752634
84690137
88542759
81556086
39449659
69258405
16723709
69455752
57990776
22433726
30459002
51211797
99835015
41622462
48549198
92102151
79536715
31436492
33016636
88143474
56998276
89459535
86027696
56146931
70800836
48080924
62695720
65358095
84288615
95999444
22991603
80325051
48450974
69336338
64204626
61953047
51119564
78265261
38733634
35997748
28125193
20678323
33504947
35827640
79364131
80318815
56593782
57951661
39376856
57419287
53408444
58059611
91652886
33435812
19481265
61024260
65955635
59272167
36556501
55647987
96853550
98742480
27830212
95436430
51128126
85596141
72112419
97394344
79858863
29789954
11089123
77460588
61034256
61674385
87190501
23480995
88742789
98830571
19609854
56775473
41570561
19014312
39624290
67935772
55422095
86365209
63090111
93485066
28439329
77678549
20680639
63873923
43823435
53089790
89812637
21511732
96953327
83262363
21333671
64265993
63429944
29966843
92418463
32984444
56027145
40543789
93646711
19780487
52230748
53676830
65284683
21586398
48630272
46792454
47355997
83679658
59639260
34853259
30232411
52779048
35802047
86201242
85504811
18920102
22214836
53914620
62563024
53072087
41671518
61758788
12905726
83549672
20744673
49459209
72986359
25508586
95684703
70940510
12260022
14861361
98210626
42261516
17088634
49757406
68403611
30749670
77996887
87039102
35107114
67484478
14420986
10429564
15171273
40529227
99837366
32359617
77331373
74172984
33901220
57576679
91067919
98260269
86267289
91757806
84023946
75162823
20577979
55446772
51834380
30941552
24357248
53771007
60744623
99666260
51361498
44826409
15033519
95863662
56043829
52733078
17574126
25345816
95490920
52720120
60732528
63550916
72644074
97016307
42459244
35602738
10729637
24043049
58984342
10281081
35027029
57014173
42847007
46960940
52814906
48342127
48249407
50298070
76424862
94730884
83269068
64046703
23868523
52529468
23034260
83196934
49372447
67285292
79322951
29785243
62416256
73776703
27629021
54912918
85551497
65913451
46697401
56024107
23935656
71990042
37398702
61187509
95113737
18562050
31227091
11966021
35226124
94253692
92507419
81741602
77576323
48738720
29390233
97773782
26707069
68582659
16727957
18426741
79470782
69743857
19895334
87557994
20597170
24100219
54082353
73853693
29047798
76909654
37087923
76277513
33975689
97095923
93897607
89735795
86870742
55243280
31712472
23107927
13845071
11302601
11938509
51738103
86198606
67173961
51353802
73409679
29464813
18706214
59101734
26660284
78725713
83927117
77194366
67024486
71445593
63943630
30839824
79148866
94400355
32604693
36188602
36135174
15721747
69724647
61622370
15116634
24050818
24574549
39498320
65498604
85256192
69329374
83553632
89288903
36310677
66544587
19024925
32889307
19065078
72592392
76470649
99164168
67581490
28502021
40481748
53473165
76458757
45175354
32877317
63061910
54357338
60916339
46233800
39266746
66289641
27058637
31662119
40759259
13014940
14987928
48185569
34651776
35964652
52717119
92561238
45950814
16503158
63069944
43098483
40611125
18530500
91298917
89965779
89793714
40098740
95796268
27023841
96224523
59784318
28349507
76688156
14942640
94474018
76354031
10499565
62471172
89523829
83253912
35311419
84884810
59992872
41510306
53263655
75528905
21560288
58211304
44954208
42099784
94646636
26086293
24526993
86876841
95828528
70968109
13056132
70083866
87856373
76185675
69003850
96163321
62923810
90633952
39652969
69284392
85245888
97580631
41087420
10276825
37605956
13469187
37282977
59535356
93037725
86564450
66238617
99403895
70479622
39248550
34778869
76595032
40165372
73552146
65493153
11749050
29633537
98890927
83769674
50827321
50242736
34585704
85117641
47525430
62728697
56215583
98908627
37237447
35167388
77863553
30624464
46583373
78483690
74380301
49255785
61905771
63143536
55769728
30849657
70855967
93850066
25054876
15443172
60921211
40224816
46286115
32830040
46318313
97612205
44144613
60465759
21523133
92879524
36938484
85185213
55806564
27150944
81479985
71914637
66829001
89442773
63688706
14317578
90809898
37809263
68041374
56708188
96072954
23732987
21732470
42769740
85566989
61388448
81568322
83069322
39414745
69228966
55933273
74849474
39019810
96409479
63532487
44253646
54861360
81549591
16772690
17971701
29536366
53529912
24462343
88430111
77726958
14332989
90764454
36569686
89182297
22956214
70886700
88924376
78274992
65067693
92214695
70120622
18811110
82895448
78185320
45886534
39807512
88550554
64070906
60839360
80347108
76181824
60454575
54891840
71417378
36015522
31280776
69484421
94708672
68826083
56593204
30018080
15204194
94415528
49862594
30639804
94066585
86625123
30172929
26421441
19011954
22065863
70986023
70173076
56211332
77396905
52707243
11154586
47687816
52190012
55014428
17266050
82658839
35551477
19440712
44143889
96538827
97251615
69081874
24572031
54539395
85597037
45950857
17499514
35974372
84189365
95518311
54104010
89566704
90981256
92090025
86963677
68092407
19738323
83397736
19023869
95236538
45871954
83776641
11868509
87826284
50181540
35659148
93537762
90904451
15247451
52325235
59015941
30903703
65230565
59518933
65421079
32084994
17313305
42284868
91002050
66773938
56177360
87309012
13211344
91575923
37153361
23751062
20046621
93231873
58679211
84834827
13624470
69777131
95202959
69466717
63193300
35760333
66541802
52214245
91560487
66420403
29747256
60713376
51963122
34323659
28452654
71580881
90469588
55320600
49265545
32376678
42722605
94176600
25019191
51595156
78207234
79887541
22496688
74748848
35411874
12427863
54379335
96780492
94838582
17274787
30357742
30206445
61480764
90662931
86308706
57208465
44706637
38604640
72893261
22988908
19051840
32247554
42487900
75526353
87692412
16887662
98820429
56244045
30191965
34580863
16887836
24779923
55086330
65748104
73049616
68056189
13043955
77806930
38194481
54298973
83736670
56576369
22896289
66078988
55180130
14411601
31655019
51302649
25459537
48788708
63120557
72196496
56743392
44964289
70901042
34903765
41391258
91029457
59987679
60745816
33542555
99981627
44951741
95424499
44608952
65681570
36532596
76425317
25516740
23771078
43561967
17973456
89265482
52988453
40596345
25438079
49733773
18375452
43176047
25914973
94837874
63459635
34580151
20266431
58113319
28978194
53809047
95973199
99195465
44828434
60732530
12277190
11612060
51458980
43651899
26405355
85821860
13916504
16431816
78245043
98260053
62611096
73371950
76097227
43659565
79314470
81474892
59426330
37359298
56802501
27477661
60485995
62240388
72069814
18446754
37629630
15448742
67316914
94076535
98770331
60315775
47618409
90297701
19926549
70263183
49216114
84223638
43951616
12545464
86919925
52706103
81993273
40138164
98924481
97090586
90896736
88646368
43121178
55379919
26796647
30928811
47881211
21264249
19935937
33564847
17163266
77524491
10353091
64294563
44037169
49253876
86663737
61841892
13166149
17473632
59350616
39909160
47690742
17470702
86124945
13519969
41111320
84631117
87762796
77089322
19722621
19441004
66841000
68571674
37649795
71753069
55121149
22184863
90834868
90386147
61365354
38338719
95035672
39317805
71123661
26321192
17500681
91232347
10887533
91457557
88063279
46840670
79126616
11071635
68980131
38833744
16843648
80375032
51598385
56450660
31555070
66956624
63405301
74280222
84140515
97599055
18760766
46766775
84584096
55747789
53680265
26924480
75480255
64076832
42732680
16079536
85936255
83718006
29689913
72819269
15707181
58713074
76904038
97085736
52474920
45860434
39252534
93491149
66667616
82594425
29851886
34757854
43011932
37530686
67290292
35260929
24541008
12826392
97124070
85176184
19774665
64086494
81931504
59944322
38191219
99995766
26768630
66423972
37365066
95072485
53500666
22699023
45978661
86578314
59786394
62109407
13400400
75282411
94166598
39516759
72343345
40713962
74888730
90439382
49829001
93247081
41148539
54291455
21752370
20102476
35392355
43714442
20652338
12223081
95995181
29281749
36730026
39917137
33497887
47814564
94671754
31892836
18127665
44767217
88129906
70067534
41894644
80066454
27734083
90809494
45830325
95732420
37976410
47597193
71754008
76746934
80067226
94819944
95989579
10426385
79416378
26408975
17588603
99079563
32045125
74851777
52058959
18406327
73281583
29688703
52363329
90305244
26518854
84689184
13074231
38300375
54510206
85475274
95249327
25005935
46965280
28941711
66318434
14303287
68723491
76402504
77485688
83019860
18657821
44580745
90705117
52931809
16436975
82133206
43784895
26562188
17112069
54361387
70253698
53979249
85526498
81373802
59356397
36384116
97166737
46955803
93475187
79110911
45880614
53404946
46716857
33207540
15730215
63507635
88538593
69566179
32113881
23417674
39893125
67419200
50521336
17933408
37072655
18778644
78879519
31102775
87432950
99681520
25349630
32909181
69810995
50992169
26353620
18967899
95068981
42425696
65778610
15081359
54099413
26583502
14685808
59857294
72388579
65735874
81004559
39867470
49944378
35496724
93908869
73500519
64415447
98171968
14515870
76056958
59943883
13416509
77816400
98372830
31538068
57031387
32694119
60044197
96006707
71310480
52696346
56716479
96926045
13522002
60704049
95165510
25424562
94368132
53304218
90171581
50797910
66654355
33135090
37817021
73620613
81895170
91437579
53417472
86755606
10723058
32088791
12618572
35360534
41751183
11455328
33684078
92332159
99611491
36089788
40237487
18798090
41133322
12972224
46552365
67719360
65185226
44709111
30421519
63362037
90556907
93865267
74007997
59973153
32147922
27520442
38339449
68197885
96797606
73843437
84905959
50924093
58883001
33578656
97038166
88782761
84851206
55348620
77287664
49503073
26783287
15396726
13642701
82338057
77988666
10568791
23467156
60312250
87079364
62445844
85924815
74824487
44386364
76526899
73389765
57503674
33425460
97326457
81209590
87917433
86411443
48543536
15327676
18840831
19268476
94561451
20077402
12804725
92152045
66706739
24502909
57941285
48775964
52929428
26804916
61154347
19579037
14149381
18582934
52050830
82296009
81868941
94647787
25748515
85154161
52467078
45468034
78977352
75378339
18621676
40836260
63692906
48159848
50922101
16469043
87147524
33739511
68011731
57569659
96510385
54486514
14526048
91594674
44077605
78109392
55730888
65501640
36629191
89809836
62742721
90150816
33286002
56349277
35313719
92663707
97975226
44864038
26833184
81916411
20022602
43230106
83129900
33108691
49867966
34186215
53114196
15095834
46909937
90818460
85463440
99457061
25086593
10872257
92045079
31789450
88899843
94399563
48705005
25135240
74045136
27778029
76041846
69811380
97498401
79750183
65410328
59585112
88583115
54987877
44654841
78381888
71689295
15881997
68282808
88898884
80369201
29748320
60971838
74362328
27130578
28971118
48365429
80272052
48094659
82303871
81102799
98937815
58551370
81976305
49227338
12225096
47777817
43452551
35375496
44112478
65402560
74644300
41542022
86377628
91325864
90083749
44330658
27090054
63621150
76916895
14114471
59784808
60403436
59483926
55865701
25587926
92012700
32287954
84719055
92886934
55715263
91392835
39864768
67450060
56951268
56570728
73023005
38179868
92612308
96055481
23467077
94789742
38489040
39932892
99663772
16501397
68934736
72697763
91376174
51924459
95126939
86265731
48203933
43307788
80199209
53369670
86387679
24817287
36466349
43330610
87646185
59531571
36379133
14376739
37954737
69219264
50673858
30553017
82477640
72283174
91331827
32177531
17492174
43545571
56881457
66117185
99943377
73291802
40197815
84863259
71452084
49697738
35476861
77360230
36953885
10328728
74578876
29288469
39294513
12132563
53408970
94996079
36792421
78035525
11015654
76721723
91560266
28011978
56369186
40751908
89326431
45843471
84865909
34228540
60350810
71949651
92866083
58496223
70140265
90119408
25043033
12612321
70970686
95812006
66914137
27786415
76686860
81939562
93003994
78605536
64523038
26294607
69816310
33568758
28889157
84646495
68558612
93416602
59212466
33305254
29611883
55502319
13772029
44160654
65530525
16247199
45996038
83479134
83714714
10190990
75662811
17469202
30388932
59191081
30807919
55807854
50030458
94793393
18257774
69317140
81460492
36420798
38297797
78526847
22432444
97141705
99347391
16225902
17283584
99564044
22198657
19868905
76903784
52495025
25726289
21887330
57975193
65197051
10895165
34536621
52319844
74830520
56283025
50068717
58859906
34668884
18020736
33449619
81151006
15703437
34509826
55265093
95806564
74649348
23086780
56847796
79880586
21629755
65625761
19781526
36064904
40608111
40634692
26328218
13862531
40961566
62602267
45502587
37411038
72832970
79140402
81201341
25460107
58824880
51432597
95625180
15994725
74480878
56836036
41607795
63527610
78230872
43908866
93625933
73799107
37878166
13752370
84232979
56191597
70578134
50716155
74422658
35201887
94447747
91308312
16779387
56915955
72756521
90999482
42880075
91218922
57390319
20947254
63009437
79583399
77834249
29849007
49817180
49671712
26340837
51540333
77338830
61142554
74320471
66951327
49161131
54024100
78502128
19453240
76007771
54608521
24804496
54314502
42428408
66304304
35746133
92596092
37149333
54674576
77475160
40076564
96941628
22653927
29892865
83876109
89770406
44936364
89019032
81435217
22587962
76844121
74129493
64052436
53358734
37306409
29234342
76527370
32757229
57174762
21976567
71157407
11713266
54143663
21314434
33552792
22215904
79541525
33299063
54816243
76356493
73161413
36504450
34596068
32948500
40370660
91520952
55836129
50434124
37483289
52301246
51569812
14948227
88330101
82642504
76106138
21637387
56022227
62424281
52107588
24529929
29814976
79789547
92711585
50310459
91897124
49029981
90273246
32756101
10289134
94997655
30200563
94544606
51208207
16603945
54392200
18956205
11259941
26448126
98663643
19865173
58704988
61720618
83708285
66394778
38018630
95220890
24359559
54162798
24898034
15699976
25397879
53333285
90946941
21965077
73337038
83097142
19223956
41796533
63175806
61123300
94086695
77462783
69532982
48021357
54452521
89551081
76541613
72651165
43637084
32287104
68093783
32035114
65459270
38625970
19141931
97635978
32780580
78375422
65450414
41904243
99237553
32109120
92389739
56346367
49754512
32536275
47524353
92240197
20625276
38669341
61427676
38107107
75256187
39382904
98826748
88224805
53294781
56414272
20148360
47769364
76769802
19622082
65184899
90097253
58626698
76603612
44617401
21520694
87299721
79413127
70593851
16563143
77917929
34831898
18071800
34582684
41331932
61295891
17484899
87810632
20028551
21628538
38193252
76387574
22950731
73854916
34506020
43643680
52593186
92385408
28994485
72874803
64008591
17088612
67399346
77201042
36456825
69651369
55148996
18478279
30565177
24978416
45819657
96416423
28166513
79535571
14117543
74608615
24310203
16737043
34603190
96213357
34337724
31644124
50963561
27419452
69550251
24919365
56178459
94848164
49437558
47529314
41503974
25429453
69696786
72147898
93088078
89463541
73750460
46251935
47760303
93928277
79248301
99240900
28548030
88937923
39563706
94703688
95641269
41922569
58315252
93676805
50834864
24605363
98504570
75222434
58110898
25158660
25181543
22497386
32394475
51837381
95278289
29962034
39262559
62019462
86613919
26219482
24590086
32547562
25696555
65272963
48446356
12529935
69439718
40311059
44070272
36236904
28178737
83504574
57502855
73473128
49600073
20503072
46920144
31934367
36981147
16067826
96902433
96294407
63581590
84899505
45670621
51770664
33066562
98188405
67218557
97614901
56372904
42130139
66232532
45448922
46803038
67522022
24994766
73030648
67412800
92579274
38572555
74084850
67786449
67168961
85698912
62204785
86822099
83255682
14131715
52732135
29960845
77614342
62524077
33857348
61837851
88974412
33608539
54852763
27154443
53610045
98762536
19562869
96855294
78312663
26266258
77082416
35539855
19877430
20871222
49820683
57620884
56357576
24733219
16876897
32679675
75617146
35687410
60151309
19907343
58114715
14129088
84128530
39887697
77792672
93896230
24534468
99028426
43125296
67855871
19965073
21628441
15088963
69993731
28268905
78065526
52031135
84875016
54771806
61265570
36010873
80880706
49917552
90613765
76292656
27304778
70576810
35469696
24917806
16674211
80365450
47922503
98225555
92304385
47259905
22795454
69506984
47324943
86518689
49807343
38227065
62240642
28741559
66013955
36305504
92951992
57064808
44680664
27539898
25506228
64453108
65876200
34696097
21705166
29927162
83210779
26912435
78596746
69536068
92107871
69860603
78676059
33349209
70554639
76128965
61501918
17752797
54580955
47024583
80821424
36168676
43152491
48554604
41241425
25075116
56062326
29566217
44851492
13386950
24507947
24284136
26093011
38055646
26700610
99707074
94439485
37365152
25572941
15555854
68099351
95793694
21126382
79697078
95451088
74106622
77230508
90141929
16554362
20866711
58095840
71605939
44355050
60261504
19019327
86812249
94104921
99547588
47012600
51520271
89288518
67145337
99828894
80676574
74510696
51531831
59199173
45794240
57121709
35158214
95253963
14110324
65160793
41482220
62666001
38471485
22522186
93302211
83385407
78344784
64293530
32183340
33709352
64292173
62185190
22713877
26964919
99473500
69460848
73848031
33972239
58795983
17112439
48471679
19853884
65567031
63322872
15264390
45900422
43147930
57202583
15188438
95340443
42257934
56794182
54338223
18523795
71529900
21471797
10608586
21277458
92306884
39476502
80168795
70275055
12853053
43511836
68048932
11352726
53931418
85944257
63796315
26606733
50917105
91278797
84289019
14337841
85264763
57096643
24548842
79531155
35375730
73425529
86287592
46200314
39863149
72925620
45881201
52935494
54946753
30365266
96016443
37916645
32594239
86259045
95093102
49138837
63139650
62832709
19266612
58553528
50951210
80539978
30662803
85616202
41291234
67030004
81134451
86048681
65825921
13994161
80466362
89331048
41691322
20383538
87239638
40501705
77433885
41000099
20792653
65031944
66785147
53510007
42772591
45051335
30539861
63504854
95478941
95367214
49668599
42343199
75472275
56662926
72874624
48475015
23716042
26360108
54434213
40672108
69462853
81914148
75948526
57644373
12162828
83143390
71154028
69183162
91232229
13674376
93243515
86620339
73798022
88755752
31574128
90658877
44765318
82693831
44553431
49826743
84885177
18820118
44730238
26845158
45696498
96335639
42882700
97813574
46206456
72584455
96458732
18897663
24122442
85791328
89005925
10246886
78339852
98973537
70204557
22501068
38647181
95938651
65238600
21126531
21365314
39262106
65372273
16746300
11584646
82941966
15536640
43703354
32535056
70218770
68352369
57148667
14785165
68316541
72551680
39040776
87226943
36277821
75636927
13936650
25990128
84624708
69558720
32154676
94308707
54534359
18332371
70258828
36458637
82906978
58759141
90254090
40954035
69958663
47975685
63329209
26372736
57383143
67503176
51686925
49504176
38781581
41739823
26615678
56825254
68953022
91287079
92848128
91014190
30306401
59265478
54048969
93542400
48831167
21761895
45632083
22259136
98875109
26958717
25272918
65253479
57809632
94382987
38277341
43236248
42956530
19053567
72258408
68556590
28013554
73255708
85505388
23388091
34611314
58799281
10065241
23926601
96371409
91873105
98509604
58988979
15939413
98221380
10363544
95864634
71982135
53201662
46727777
54218266
21944543
35633976
59707299
36777711
92411871
80471661
24618905
48893886
28262451
67645651
30530421
95747615
24132217
27127691
87176371
28027827
22504880
66654680
38419589
94625594
34786975
80384819
28257671
42853683
99668480
57129165
48399173
58560566
44199097
56388261
92852869
37185887
50582411
39392093
10354717
10932261
90304001
67930722
82870627
73858653
14859295
50960382
52092051
61768770
57561277
52177413
40210322
12048888
31828883
94294914
46102851
25044126
40401104
50603468
70940945
31461838
68649621
90484514
48502888
36411649
29600407
74283758
39071089
38990354
42616108
73116577
75311936
94677890
24985930
70677543
81426606
41323378
53319677
48852771
81088677
67371402
55536419
67848086
20713005
78907588
55602420
64846350
12210382
45453088
95421884
12444599
69499097
74514664
96739080
74943396
59997845
83701353
92290297
14287133
33978489
98915126
28143263
30224598
39680947
13667894
63295487
63400490
20754388
62891474
57032873
88181141
36416939
97700674
16082658
95086214
24771646
76763976
81576412
89220324
20777712
30909089
70821176
21129115
22454049
93516478
59069926
16696635
55695760
92180345
95876654
62440404
26296349
79818442
79980176
76810681
87984911
44088441
60866050
25684574
93020776
97737821
17806419
30404337
91892122
61343023
13654206
69780802
41570665
62042795
38354199
33887395
79651448
91554420
23989322
31290109
90136308
25098200
78062977
70138063
18640782
77007369
90116139
54158379
54018249
91283710
46651988
89994602
51368114
55911434
55477766
49308716
25167167
38173399
55112882
97130973
26425006
26100367
38202382
47640859
12524150
35874148
28671517
88556984
63275017
43151870
31101802
79930364
24638192
20107207
52266555
57048582
53582570
14320072
88965807
46770989
95102612
64099391
59881876
89175488
56837543
95870845
88095950
51275154
85364806
75365410
60635114
49370127
29000007
77091747
85468018
15194721
88259919
21268405
75607637
73476862
22948912
70353550
33474091
86922495
87950534
81921419
24986103
40490510
89409914
95978386
54705019
41236998
65569544
92091923
94119761
14738271
40609274
58137260
25181600
79868656
91152896
11054892
51193486
58083300
39380308
18604061
50947574
90353003
70606894
21720579
43264932
61066391
68437234
60285617
64971403
26914953
40036243
26786461
89289116
66826696
52926745
26356978
11204629
87913897
51373179
21351239
30339668
65059083
49668557
84882505
10233551
17873644
64092137
85206461
75433017
93883124
95880929
78556628
81855621
31801098
20755786
56859909
79733462
71069534
46613314
85346435
78404933
39688495
28826546
29970349
45808690
48791981
27079607
32437185
11121426
18023077
91322344
64843392
76897625
35087448
78445311
18870823
20209961
73021812
92423533
26698966
43272825
12593649
60098948
86500680
12379372
81695451
76873726
33006355
40390473
27768964
49642849
32576899
65259665
24072805
79328309
64272428
78533503
81991430
20200914
49332538
89592799
51972204
99282456
22343860
55409047
64588539
44884863
14799270
41865550
32845064
93057573
26805368
83495804
70941186
57531391
12574141
14335887
28882770
36703137
93601787
65412552
33221988
71385640
98385663
80470217
69223449
69456460
20561054
84186966
12599641
25106657
51334540
41921801
26938372
54022863
92003321
71328363
94765633
86798123
16380500
81365929
30063532
91462219
79092040
44212073
18878752
72151153
90290686
51335927
91568191
69761772
99065097
63465268
23412553
55537581
15273752
97646680
95394509
93068037
23949335
44225297
54479338
59696057
87042312
76383075
98907181
32112322
44555714
74750509
78747437
60867210
33266088
36731588
58200806
78756698
39912180
38005533
33325077
99713203
83113903
88652035
68826398
39523334
10600664
25063201
29781572
20309681
15991559
76084049
65140148
88452583
27913983
25547708
56834255
99438524
72375745
60590142
84966007
22396019
58069161
89352508
84295093
22668548
43261979
78269352
79199809
96384090
64607417
76013324
55370768
92592020
76350281
19252875
42756892
85124410
83057906
63858058
50467218
70470602
11253504
39278909
19467944
61015688
41559726
75205209
40342195
29111503
98110421
65927677
91719376
63763192
54988281
89086748
87759468
62118311
47876747
63186856
33132432
61520271
88900689
33050687
23416942
46984798
53775741
34391469
58919072
69540039
33600525
45120230
66944653
58535963
87239874
91055134
98159019
68562941
14063799
62806348
53244616
90804443
32075022
66081661
80491631
58004432
64773704
56609844
32160351
19465188
63961878
82771140
72118572
69188142
69153841
39168498
85342775
29978256
35332400
25911157
88374436
56303865
27990077
30453586
42149923
98217515
57431351
88427613
49491587
26495833
96547850
31881782
86868571
71817741
86707416
45144238
48785670
36646063
84279552
65541139
30463545
69149021
29717181
60467069
64968296
19186814
75782331
56124059
53686859
47257133
24018296
54523466
12537342
70356758
26106949
53117859
11256540
52619484
25700921
46649031
10615779
63349248
43178171
41728923
87130779
64431129
42022860
38522460
52808380
60569122
70407164
37312378
51373370
29690351
39125468
97267649
46424561
92032724
53400941
32138206
97489400
51124177
50745037
16734272
91318155
27624155
41876085
25634912
82702218
62660069
38266975
40218789
38556233
62677038
34743142
16120543
87937560
39739119
32601525
32650021
87797522
23055324
61960180
78629180
49761523
82889337
91559284
15407617
54966259
11616499
61328653
49654213
59040767
47162554
66969972
87638096
94843253
68075486
57554211
37568272
46527690
72891262
12617848
52153879
23702865
29173175
79198043
22349050
46978683
28758182
87136716
85442131
66693472
98967062
72080662
75509919
62868979
92523050
78113568
34695871
82308121
41072615
91367247
81246197
86873069
37159225
49159520
71534700
34371642
14201279
74184983
32622702
82692622
61009417
99918457
40104001
53519455
72848315
72027076
46935165
10038606
61540374
18318047
45784114
39164466
20643482
55605413
14676748
79271876
35517957
99370212
89012340
94693464
46278592
94786997
74499234
63742472
87056283
60715534
16773243
92423551
58126643
34775750
18189549
93346561
50269969
78050473
45217598
40546791
52936408
62939169
30317503
30648966
11343166
63227847
43130166
27461514
96159109
39392370
18792757
54774479
21655656
10050697
98207826
97430615
51879157
29001104
92810891
91377297
47998405
16207943
30973152
14019202
46890659
55027465
52596915
55650255
70454500
32539415
70022443
96301668
63035394
88334832
84240043
46072004
36002223
98380790
12714340
30733489
50746172
41364030
27446007
95676946
30155557
50736645
29407287
64864297
76563044
80271444
30705694
46007203
91046925
99493983
14557221
48375171
33880616
32261244
52868613
75134213
70708725
40891030
49618759
63563590
62794943
62534209
14319397
60318472
42430387
58210706
16316891
30535399
26733801
51111567
70708170
99985462
42901115
96769991
52543815
58291709
56935821
99352584
30908716
70127098
77071868
30914013
55243270
97857413
29315216
87648712
75159814
57722355
89513344
13191807
68745903
93302703
12620319
40505580
40048260
23074155
36868826
61109453
27219297
73654450
93564674
84202369
25419760
35322293
72689761
77831614
13308886
98526641
25365069
51375612
89773786
22271425
41520930
42232953
33088999
84207055
73913161
98370515
78575457
97860375
73341034
97709230
97098297
64979741
19177611
95586930
86847122
10142284
67645144
15599138
89510169
25797991
43893055
42761618
57863104
22187304
61258938
46852145
78179731
27524194
26309423
25207910
71544126
35679011
10659374
39439355
59744750
10119402
78276366
90372179
69300908
21798100
28763784
57444269
76773103
31491101
72801606
85499249
32920223
45526367
61341505
68817787
54040240
66364144
91433966
77834592
44698503
71426423
91467604
49289940
79619190
26674697
32226504
48565235
20449708
10256002
50199794
59113557
27760039
39817536
70789774
66819327
77890693
35154296
91963809
19742154
35842308
58908317
20024630
73973117
70529178
81490759
71276146
49247465
90381272
41167328
83901763
38513135
55099467
77229175
37569472
20192174
11409832
98355901
65507509
23495834
71610040
27775959
92885504
94143809
31957858
17168751
21716235
72879028
10568127
10535320
94928809
74001940
64488853
26484516
31112146
34619209
49200765
30673080
41963138
80967108
50809249
55167137
78315189
51189455
11932088
19048466
52075241
62418319
42746848
52883326
81244064
31183465
94990417
64701917
80679471
46451997
52827791
10869688
66586959
43430984
36283872
50629042
72990834
72423861
27852129
95486315
14798743
35621475
75972744
35464808
21818174
31354474
38631178
80517401
39834325
26106870
66004788
80032857
42507317
27240035
34276899
48490666
91399247
84704085
57602114
12342796
43289245
99454860
21408330
13616755
45982287
50492427
81201483
58661890
12354901
30888160
24600244
34154924
16534143
63223619
91101325
42529761
45460912
71440456
97797735
92505544
99717523
54259839
46845406
56021539
32953853
15253610
79424095
89809067
52070408
61373519
97451805
72657718
90108341
86728231
39056018
39951759
47689306
58364643
47478853
79839003
69104931
25170887
27174072
61806821
36547250
94577979
29323306
16911196
89518067
34621689
66274774
75038556
49398077
78219273
91255942
40308766
97729926
43992999
56888409
82409491
19436561
67124476
97499906
86350879
35346815
37358258
26618495
38013715
25998112
92171646
88602489
20695256
82124246
51424907
17474631
29286141
21598678
31172912
76302049
14828613
17631915
30122350
39424435
43124448
14757975
33940816
49794405
85898631
63195057
41205842
19408652
82863106
92460991
40018985
47330721
21716853
68146013
81592374
62543122
93659022
18107290
62459089
70714350
32226235
29600616
82641095
11356476
76673389
49946329
65622167
54726711
57927633
60892293
13320096
97378152
14961359
96356902
42599239
32256311
28481410
57074447
32288503
39021707
62213931
88062899
83583239
32945341
95315594
47351938
47350417
35706216
25715217
69682671
39874004
58349540
76845727
69414983
80811809
51456644
99786149
33472812
86330446
83196779
93119363
87404960
45798429
39537291
69915557
25240096
32976409
62007380
31518748
90240503
63312160
91516133
38665469
55667889
79618389
97473916
81298787
47781132
89078971
50533599
53393847
61521688
24013902
79106670
74746817
49655634
51829818
51906461
92928048
51885761
42205985
33045252
35425368
88576594
45807211
77408207
79209483
58885390
90886910
38105975
74790974
15282882
57118118
95704295
63293540
57445023
50319085
60412979
56421099
68848274
54143247
71791088
85964442
94305482
70954562
66723166
31055413
35459930
30869238
87440730
94992979
15040742
35295142
94261386
63997241
20233888
18443959
41069538
12663906
30890481
83258782
37302952
18702001
17334105
84174855
51642735
13560841
72074194
15690872
93925020
68551982
94552558
14039590
71358294
74665199
91262692
98187608
37929073
24690004
25423382
87854253
82575356
38020061
66129022
16293948
69862100
33001206
67723920
54654027
30954212
48422263
45741557
96258308
48596240
15589975
84311040
65812289
70809241
17995519
86338073
53344562
13004100
37824562
91908197
65302607
34237177
52505517
10652323
19948090
60871282
48575347
79278478
14651282
74862770
19926106
99252625
78151758
41000005
20256986
35647914
86727540
27880245
79293424
52602410
71502841
22745014
11552732
71284339
94749210
56045685
44267448
59524180
64142298
86669219
24612865
83094014
69402891
40836113
77463451
30223220
85149377
42028517
60376216
17791467
28692861
18241196
31804506
22113571
25231310
42328718
70187968
72815851
55102914
78676964
72258618
82556286
38534512
17897816
31041079
88911384
63703741
36217963
32339690
91590924
59385222
56460557
35081374
42373051
64850161
71493967
59708840
53535481
88144736
82286543
72563431
46406803
14636649
92700229
77688162
35546973
99355112
57364732
11908565
36959090
18689569
91383357
95576824
32148647
15798047
85198419
56144372
34283343
81488763
58698390
79425682
56002958
93595986
96722388
32601948
34196117
70485382
78451185
93542707
97423700
20563890
94268031
58274749
73723050
96616718
69941510
47751685
94782197
21750222
47850818
40112187
11964130
99932388
83355124
27575044
12666794
75742382
37740611
97377890
30535997
45170809
34428927
37227614
68186129
38383507
37886119
99898064
53214564
84019277
19736986
43544643
80600395
50797620
45289590
72001235
23722486
15427420
44925896
49667742
66602499
54374712
17840977
83943936
42184650
18031233
71337421
51353584
57555341
95506686
63737648
98585231
81874783
34612771
41750837
76827875
94667045
36905811
18521951
82844365
95387426
63416215
24112478
83802382
72104229
41496945
94288746
20727201
86670556
53214024
55715577
26666404
85186727
87634821
20121251
25164833
24175777
15305271
35456467
91525123
12918756
79749588
62990788
14838422
24759315
85896010
81012887
13618559
35976775
93970458
30088817
42343025
89139622
24262589
30861479
72129585
44917794
70777680
76351773
89221034
80973585
46081092
65973584
37793591
23686035
66746357
68637844
62646248
77335839
25756377
62435873
63333716
14849881
37487178
63892497
66652408
81674815
12869149
53327439
28530511
12284851
22717094
39917241
67491621
92026851
31466099
64195564
59464430
29700568
69343506
41688585
46373497
10012163
41462253
91901480
11528420
20028253
96583032
78660925
89196559
60840011
44258979
69205229
21532180
51169782
90611278
65311787
67384871
44373936
53050057
31327986
36112771
73050351
28460733
26164477
59141434
53970498
15743669
57402856
14506017
14119892
23257214
30965876
61110852
87175618
11576683
70241955
14995279
84239407
82315978
54047135
69452292
51990218
48012656
98950027
72139242
84426463
47370188
35374672
20603737
74424190
53579220
28964053
66488316
98127872
53593254
30294190
14835521
59106698
59603253
88143786
43229521
75687576
63295024
62782178
65026067
38180447
43901413
31459635
97490037
28026628
78895068
55791317
71200463
89809565
32359906
73258312
89107243
33004843
31836189
12856683
94224797
60983111
71791908
96878839
44122173
56983124
78379269
53658031
71827251
40077374
56285575
24325439
31297265
80744429
49636033
12134931
53587379
97367210
70270255
49078626
55547358
78222953
99039805
61688410
21019488
51021112
26196978
42506920
20503699
14168425
95035105
12622505
91261951
14903881
32162189
93582287
66627313
76179639
41503776
43510122
37493978
18701748
24033007
72923388
19404271
20871609
28566646
55773337
83869407
78126126
29339431
12778411
94295845
58818665
51634652
28631159
75051683
57683078
53012208
61254740
49544327
27290964
31114894
39041456
88448859
60093371
10595667
88732344
71581355
87434281
19469672
31845034
72122212
99628475
27513154
60081033
14711822
50492809
31358957
16160605
27666619
88661860
98569554
13600730
61961211
97734496
44570977
17287661
26369162
88563555
61786777
57068459
39188799
98634860
43075632
69433952
85025994
57163440
15567141
11880645
14077261
41131380
64019000
86048549
87356524
69964671
12578352
27710684
49517412
24280904
19398196
90763211
12858257
52926763
64083381
89094898
23115419
70544065
93228359
67577937
63213481
47751850
17318106
88128875
58172472
42133264
24733099
11769939
15467504
74832628
25287673
72903156
20242513
35125246
39363406
32701190
99040336
43490823
79451932
76931479
33602594
20590819
52992477
44524220
27462915
49525808
84081806
36337747
94537398
63420268
97313839
17942213
22732415
55310374
73543457
75415000
28233582
22799758
40264959
28198869
75304664
67924917
49016760
56248747
93388630
17556816
55902899
40021861
41039537
78914965
89941331
97241082
90349734
32075591
17073289
44551458
36463111
33309478
40695564
39705670
64808291
85543561
83056343
96746494
78079727
89747504
19845280
58675629
56945996
89297431
58228989
82335158
28964896
75707551
18542428
17464228
46594023
49806116
24973295
73987730
97140942
12371302
33437499
32753072
24031139
84859385
25839939
89470807
73814304
55064584
77539836
82891275
86771680
83402184
20820665
18382648
85082142
99317406
39190170
45749854
74851266
70650853
16987753
57762035
25704879
53629851
44036605
71546428
81824977
63144735
40098525
36246312
18579718
40569967
34003992
80682412
28790261
77475586
33353761
35608522
34116375
29526252
53137458
68649603
36247189
83965433
80182463
68690615
96473814
24939544
99673746
29306603
72690654
24743534
58669722
35803004
53455071
74769467
84536398
81952236
12430026
75832445
92703247
78098167
20191189
53348125
12814034
66304042
57480346
79850571
34003575
51112108
59656609
98924057
29531471
31763587
87178026
74536898
81570697
17587305
51654134
19298495
13494068
28073954
37155464
64168280
59621591
83607204
89165925
55491103
90137245
97751292
74926282
54667651
34168181
99321755
42235341
72665240
33355974
24869399
68652526
16339234
25538994
57842628
10797116
25004451
60564390
74401117
69758039
18349774
52253753
99851021
45735895
72698720
80621221
70991604
66517868
29993511
67308064
63438746
23494826
77580674
27252453
72152952
11349395
23403579
75547784
29454735
18789175
95012172
58397786
25494090
67201419
15093123
86285106
35511861
25316766
68470371
41710481
48131630
40141081
83863681
97655271
87048220
79888845
23346994
27792452
10966804
19424780
78154506
41648948
77702054
61549014
55621014
27182596
17380532
76758058
92417869
66149172
24431488
24384923
34966628
13380592
58981539
28342811
60217069
43850311
65227407
93984937
48882039
41360839
57723009
97459017
82580879
28019943
97777893
55145089
17582215
53217804
73354450
84554965
71042927
80672014
17133454
34182486
67301515
49773299
83185924
39939575
56912614
56301378
37190732
93374540
53780441
20442276
69737394
81105491
10873567
51445199
65915510
65907234
97243069
43338687
15372347
10835761
61312703
99374553
24507996
50018150
21321045
15960205
23325830
31718648
98457692
59245607
85368884
74602292
21577067
62667335
43916207
63838557
91117314
91211617
75250352
89923646
57102068
86941073
32519697
95285858
39522880
65617316
29797950
12976008
37462668
73145070
27844422
43595492
68354075
71200443
60669330
90808856
40967465
14056740
84188764
82407840
73776390
21875652
14962694
56956723
65835002
10394619
61961697
50612255
24349360
97075363
58146858
57751411
25912275
74886883
29002991
42547362
39953195
32421450
63788828
90533866
32882477
98631318
24989929
16745913
94637736
12810632
51587286
31298221
47233989
62834328
35543710
26040111
20303881
17615076
19559368
90894263
70443212
96413969
56018736
97874270
73584027
18762517
26489936
48825628
29367560
17002071
52709283
59849218
42547007
37477870
27897565
78844827
72273380
87761389
61137381
38751300
49196362
63640556
40751156
76092117
90566852
77144789
48886902
55880413
90004904
98401513
54009127
95772150
31731672
72241339
91635628
16197922
77172801
64308318
88110794
73023163
66859138
23701464
83682752
17413159
15053931
88635500
52646227
32419420
82970486
89040150
41585069
63103398
76428828
25943683
91430599
15363149
77750244
55079060
39334874
11992693
52939838
17985820
67705083
21388847
30332730
37277547
47326794
27036388
55846720
52975511
25094862
37973980
78411844
47926238
87488957
20953176
72160319
67408715
93804269
86712456
53822639
37946128
96965528
73459621
50742547
52125915
75638893
99728659
23217655
96803249
33417578
92365557
57920780
41963645
90047819
79000816
57785459
23213091
55395868
78428804
78660597
18726111
81212810
99547559
97506070
25910391
11396545
88507976
95902755
34662030
50232752
25027766
13111665
66967405
11484314
29357734
50759329
29885059
59602854
67546501
35607424
52637020
24607426
73749147
57807990
42678978
70556343
81037162
22390476
31931860
97830523
79245964
37927601
14588752
29208152
11938487
71313622
32768405
58832745
97949672
51226822
61899924
46283951
24819588
42076173
66140312
34177956
27960507
77599250
46257007
68615098
12922520
45419211
40081090
76895153
47942273
16070019
46991284
48925863
30096698
96277267
69765004
98457083
52387952
72692324
96142280
35304152
26680675
65339174
78034933
50497466
11339552
84622922
23659752
77422652
38874906
27798609
67134477
90816208
68532100
73761707
91833445
39705068
72935580
61885929
80275533
82123376
81098016
97077648
11701342
27728978
59228780
58123727
95417795
56505543
89528126
88628946
40870148
62796554
87562336
23088692
67303602
18398378
91993401
59412974
17698890
54703992
65397175
46151723
42065377
50623638
87901280
88574976
16317172
92782042
92237715
29612485
90712930
37450833
60048728
85489094
20468683
62318671
18264418
17788089
44313380
85936136
95434190
49892942
98577424
43046123
76134449
31385652
34147515
57781177
44604557
96305272
80854196
62590238
56700045
98650186
12395920
79743707
87220406
99493385
79043514
47193864
28153023
19246002
74561061
99747040
43893190
79410048
78810707
40495179
43145805
26890410
80402600
50296265
12183608
71541623
37506343
17738513
29886031
67488678
84188275
52960176
66333535
74772733
55620013
43439662
44730604
83743150
11682297
35607026
84637430
64682770
52677045
40368362
71371647
94325513
56932014
85805673
28956995
53872236
86290701
51690573
42461551
82901330
32392743
78749763
78508746
98070606
16083806
68970818
37554659
34031129
72607996
94310062
68407347
67582600
58725792
51668774
28672902
20043843
48805578
79493329
48489351
85333339
49239344
10198860
85761306
31252590
79523074
11404614
59804353
63968411
99834096
32856138
45445647
22948597
19551153
70585197
96482675
69778350
33676344
74007432
69332445
53358196
80125214
35682373
14186654
58997854
79754116
47612343
99420509
27638203
84000851
42523402
40782976
45560735
14606393
77870648
74052233
16808219
31023204
11278727
12801256
33872015
41907877
79435835
55478730
57157907
26025698
95474644
92896489
81116029
92097177
94545214
92321069
41771813
81504802
36998300
85279491
14259004
15193803
38035841
74026899
99417640
45329587
60510077
33386764
49381941
25361810
57049073
76972368
33593462
64726044
84188181
32779026
73118760
72104710
45459841
94445266
41631614
44851039
43472753
29944820
71566986
77442097
45321694
19439316
50849551
70435434
76327585
39129666
88439646
81817768
69304494
71449374
52189022
32302534
26354999
36526556
61913417
91476631
59332523
71238487
30253061
53950140
64953683
44871910
57004750
88272164
73349119
85284041
91648553
71983619
71970803
79117752
88824639
34779469
96233537
13958375
35792031
41014836
47433657
83664259
96670301
38791585
69410408
86467284
67582921
41747958
60693250
33614889
52831695
23268883
50862270
33448545
22391500
71941488
26088974
31054304
56657032
95396964
12037968
15912747
71283775
35883098
85410658
86253598
61922517
36854943
48309085
89496006
59949289
15591026
46872782
30862902
59081516
35223687
90131557
60844023
61646514
79601262
95983234
34753898
26437210
22618727
46657463
97490731
87460615
75946397
61619342
18508628
18837430
41736127
85833653
38296078
54213209
67419752
67491051
24583728
94057252
63086252
81731812
56220310
74679969
28952475
35772490
44683987
54619918
29171490
80888689
50607201
43946676
62381466
63607734
87444452
13401572
95503710
52581568
60429962
53849908
73467508
95580619
97696945
63489259
89435938
25176322
58952121
85171114
96929309
99027746
65602303
72907052
26300520
39364801
61059237
38901313
13325697
87390737
94114160
10739101
45403070
68474793
80762668
36390146
43147082
32531811
21221954
17391921
93953813
95011065
67016293
24089256
99615315
38625888
82199198
34691181
85502587
15353115
90650052
99437903
38918467
73374935
54144584
12970116
95988327
47392498
92647946
54772740
66889006
32142759
94844678
95170623
37740536
69816428
31759449
24425700
30436556
89123515
21949410
10828347
45113539
57319751
58683072
36740694
70099579
11935239
30828651
96402109
41632913
30303320
66218821
64035777
32248529
99115661
67090666
57963754
63864941
50670754
30038413
17533731
97352213
80150008
45800731
99610905
66036442
54371784
55601368
96761228
20783039
60921796
27268137
90269396
35522841
87865746
21159623
67844065
57082231
25554444
96957507
69167039
71055841
37333453
97365644
38223047
42662409
60745984
39662936
25326235
47311488
95328865
33214819
67039644
49816677
33345559
40854095
21304310
45872612
10256504
28692986
10600491
99580643
81204016
21280600
26816246
98331409
96966233
77284132
58775807
53244175
62697017
70923868
55923757
78868305
10358103
97055623
35264081
92996583
51110570
65845971
51382843
61803867
83818059
64693986
80915759
26271536
10197013
22570156
57467336
56306216
78888379
19152286
91524676
87929864
58099141
24327573
98515895
65941184
82812839
79057438
46676770
88892546
68178434
28079021
52219591
79260395
56394098
32041328
84544967
45276011
81668930
82765746
45261246
65997539
77017850
45987262
27375018
81815672
39688500
30062767
89183663
25764087
88057985
63587572
75119668
19039764
43105432
93849664
75740680
97492160
45319115
64969851
60301644
84810344
82936549
43143783
74687487
58524794
29785582
61331390
45061886
13080678
79431801
67759835
34453104
38860505
63741668
30052735
47686388
27340231
84145605
59430810
91371353
30501359
82670287
86722203
96846964
94678690
93457665
52075933
31946392
72800953
52810390
18719280
25708826
74213492
20605333
12936887
11926223
81794338
74847657
43269659
97836902
92309564
52010629
35981232
38729833
50214019
15379836
19396923
73681776
93210709
97589508
10646790
85346041
38072001
46339286
54194832
17702017
45977503
13168234
83528924
27023753
68563527
34901882
53907720
48082548
70692309
13034629
32556076
31935077
39337537
49205155
67530632
83659205
89502216
14845418
64858505
69419365
78473350
73366763
69506483
43927364
95849360
70255841
78114819
32400517
86318697
76580171
49297741
97151335
13631349
98993399
38125044
36072325
96448626
29375238
28250096
77234237
15579920
96709402
42547306
37516221
62920729
19105613
46404002
84472145
34302756
48480016
69093232
77456844
75842203
31350876
72291899
23244983
75400028
76866802
75840548
64616221
25131592
95242532
21491670
86119995
62650744
14878683
64515751
64498062
61304163
58238271
22257869
52893883
19076625
13092795
21012060
34525029
17380876
21099371
43594059
30195821
84821926
70460054
88015025
47132428
41510568
18135279
66186643
21589618
73810025
23992283
64627902
46026569
43258231
62767790
58483745
43206140
30347505
62387957
49820512
16291400
51254670
21953973
58223890
71763365
13336526
72505360
34523325
49471198
49279668
10993983
33501278
60067601
45892028
35531976
28426871
81992330
90082486
72091517
70417860
48133701
35109044
54967859
27797916
80165998
30550293
35670388
77021327
46364680
16210288
75046621
31236474
36458363
79287863
51306499
44275422
95457960
73498439
43156653
81858368
12161990
55828241
67126214
48117939
57649878
34635161
74092776
92131949
36083860
99401568
47277619
65293742
15189291
15568818
19346473
79234793
35189543
23868994
39975762
96205800
55123081
75024016
45354026
70072691
64482303
19612548
83717842
37709718
20356369
95114179
14534862
74448993
84775978
12940115
17539621
96272513
62106414
57087623
22528303
71796690
94468191
94414501
22690845
65758103
45335311
36519143
74025875
24200151
93955100
60591676
89752247
81926277
50107010
97694733
41572968
48142052
94475112
40327364
32998547
69014812
51320570
67574435
76821522
27767247
33757423
74302970
17899097
17609547
54577569
67639599
63473689
80759893
37090938
95932858
91073439
77868674
52728474
58729210
82573114
56072364
68565995
80825397
74651434
24600513
65418241
16787073
68748498
57279995
91161743
22800723
51861687
18128985
12968170
32358745
83464770
88176603
33903077
16644401
37860324
19239104
73219483
72609068
20992373
79628616
91610066
75716867
33617163
79777099
69054780
28119200
23323266
95649424
48784783
70355087
19422962
12317029
57309580
15433108
28356032
66185179
97755917
84859045
65086234
43938349
82309515
83145533
26836443
32818870
87156561
71619720
53177236
98995637
15514325
16085476
70821055
51622836
28910094
44007484
43164387
68894503
50896690
41371119
11601677
75860699
18091633
39171414
21259977
60454652
95585764
58460528
95547493
57177809
81081978
63177999
84471630
16289083
69773246
18282968
31149868
62982560
15045328
89051845
89321524
52878172
14296465
90871268
53594286
63334523
66549846
24016478
13744268
53112245
91429085
63765856
77201818
52248965
89248586
97288637
92926538
93326738
77894978
64427362
59574665
84471471
35192679
40782490
77405506
87991396
94267877
26834481
58866886
88836650
61070313
30095469
63604461
44605025
38741205
15451498
57041378
49293597
47458570
63698194
71048111
46010637
77504910
11010606
24476812
21140137
86265946
73663396
58323469
83367734
61906762
78823670
87067480
86332989
53804680
36311745
16211173
95167657
87347166
60464982
11004885
25324894
16797310
21646976
67285856
65160161
73118306
47554231
19989960
69883760
58351839
75263153
32415306
48360825
94808912
32598649
26322599
27403527
70354023
31809803
59139141
81275578
27881680
70922662
98165609
98677371
65627774
51213186
27501904
44338733
81005955
29693307
21107167
24436589
53551505
67697758
19792282
87461404
20243580
20826030
72701869
94608272
64144599
67962252
75062620
75592906
99022623
37670556
96888355
48132263
16126025
47369120
45232186
10630360
45459076
36805436
22976596
44164408
80177802
33637039
10262701
33348529
69299378
94160263
78090383
66440787
58933572
57161918
34242643
16269997
76156302
57884015
70173347
17616970
98947506
23273176
12331464
50123109
72693889
60360700
14074021
68119175
63665272
86612407
11865469
40532006
43252082
25080293
29329350
94466040
17440863
87804935
37123275
14913499
31137244
65223296
21209555
98048090
23330231
31161478
82335379
43626351
65906068
39455711
79595322
69507309
79981335
92306419
70852687
91767141
77134020
50728783
43686610
63677267
14386568
45069597
88515219
21906043
53965387
78196863
21630922
84885918
92247497
18076211
13158553
58498047
40917539
38641545
92945185
27594918
15869318
95813437
45140020
38406741
77358755
56196913
76504230
52919929
79218367
92969242
88653593
34003766
42659460
94748025
32420106
95218792
72361341
95896798
67923772
43158604
17162670
97704504
50365096
21443666
97385282
99661743
80301684
24552589
69375586
23573351
94469761
22241003
56582763
13916797
12422518
85798302
68531882
26909492
92344358
46510635
23323866
11661560
16226957
42323200
88376647
65822097
55631413
60588237
24451427
97186105
91801668
81913565
27566821
13134291
68677598
75819728
53834683
35980562
94468465
61436894
36154009
88962054
60881813
80637588
28119106
28490708
18848469
82576925
57514652
62524080
87174334
26256495
42915653
78875918
42383355
61187138
18989091
36729744
30626711
76809458
72670223
84051679
24959924
64084461
37673457
52238906
20256536
25243650
88065846
88631494
97564224
89207057
47012148
96560063
81455109
84576070
25678009
95737243
58103728
35305825
11535820
31312099
46720192
76922683
70503450
36547618
37420233
91169990
60851174
14970388
46290058
30143569
78882397
58260912
30959435
14539356
62107530
31597079
44050220
32364801
16440889
49593736
72182795
42840444
83670764
66757383
50351028
49060022
72819227
13373687
98233264
50214665
29210048
31338658
37245931
32028542
35224892
82494163
64777764
70804448
71029193
70085155
39332023
36768384
44652344
20865201
58873089
82360723
76629724
20351914
44666281
28162117
44365843
46689688
53077106
60026653
60245584
62970222
82261301
60348527
45784883
10877837
83337214
95723227
55899529
41988791
66444849
52481602
66401677
23324569
88140839
22968769
67004663
33309702
84637835
12625124
14894222
82247963
89992014
41598969
24587129
98560498
54342240
63092101
99577702
18790679
30634607
37168633
29939062
60893066
74334232
10511892
99951338
20225196
83284092
86020024
36921303
50414110
84293775
97806350
99153429
94636916
87512014
40919200
40861895
10713102
10730300
32634615
41428333
44829248
15557447
16495502
42437672
39738633
62941065
74460402
55720184
86323919
47716119
75701116
96229821
64442781
56200950
32848522
26018209
86547629
34304525
15318775
81205493
90428273
81862464
34084794
44015080
97638836
64708353
42335569
36494090
90399893
73356145
48931576
22866757
51774347
79598766
12397999
12398111
31615030
71906308
30399336
66510839
40007730
75871591
56773805
12937648
41010929
21879017
14444078
53441546
73636102
67781583
45017098
93156853
25426494
69987073
63125416
75489807
85130990
53019487
98691189
87358881
17904956
32571866
77076277
10374367
96395183
59491865
82804149
18898940
24077194
76628793
13731346
66509040
94374738
56676998
68177768
81359610
69249370
74265464
85266492
52642753
33270256
26518890
31574852
20618546
99709736
23763821
65811342
45480843
49214325
75211851
25959116
97165144
80922996
89839327
37671179
49819920
78488974
35060390
58673783
60747155
71135489
87654133
80111639
63715930
32160234
63703470
65922630
76885709
60648156
80847391
55772316
21840469
22020706
80438468
36205019
40837213
64885152
88114123
59480437
34605255
73382508
63079458
91359782
67637533
69691641
17955980
46566307
93050912
10265460
52542710
65980088
23024841
58299155
59598222
88873461
30880346
41119411
86165540
89213091
48486153
26076389
41217098
99230074
24254225
64904287
73291938
12015504
28921145
26972674
47972391
42474013
54042206
66903068
92204463
97102904
83922808
91820456
46461584
32630358
49599548
82526649
19361209
76466449
32279827
48434369
30470649
90158795
67699199
54012316
26404319
64748149
28914687
42769683
58610137
96854901
10851933
45701126
19323394
71298971
65059480
77050673
72703014
24842208
36374262
31692446
86841962
38103211
60682611
66265261
71008654
65871935
41449271
93636986
60637036
20426931
82851754
33307738
55051121
48042237
74722186
43458199
84101972
69956631
73809228
47189014
37600960
30638211
83663031
34169159
45617729
16798142
47155388
51483408
39389014
41166930
78176695
34424120
52223195
94403465
50647855
77741748
84932911
96526789
45079326
31734318
91577725
34868080
36093189
37328153
21431249
68505395
75585054
59729626
51112150
18938064
20003938
78951185
11003281
22660609
37501887
95747601
36613131
18353658
82981169
99616023
55851978
21099990
91212130
72227470
28775067
29465550
48920918
40198175
67977210
95774616
72266146
55950273
12207405
59871982
29325075
32045872
56588497
48095324
74587837
36979062
32992523
56713062
12616990
70169474
67099233
67252563
42652740
72863762
51712922
82372377
74413485
47568859
68702999
77889675
62195056
67616162
81521258
20357238
82413292
79144770
54193574
28759906
42628766
69886651
92316856
81904045
45883383
62936246
38086328
29216403
18673642
25911467
90036194
36122001
60335740
65117576
55408076
65461531
15669434
42596331
71568945
94446462
62370132
10874797
30033742
50943219
82955912
29227821
99285712
45942508
33246044
78136501
56403975
30558095
45330477
19922779
52413551
66365744
31905836
59698616
75890545
24940652
77574413
49230558
82710528
28142280
98759101
90817684
29546220
26499839
53898620
93462964
17720276
65728631
55497665
52491446
77227871
86503503
40069423
53004708
38463354
82706426
19913567
69596135
85912638
49871231
47388902
71136211
47460915
18481618
63308378
57101502
36787476
66009955
43641073
34162895
69859984
31638653
66361617
60122143
52493755
74826815
45756413
99533706
32541807
19278131
37736185
63959114
24450467
51710130
91085268
13108737
34602684
65473130
97202620
59649808
37456338
65810098
47831394
56754692
68409425
41559412
66158187
34467834
88559188
34485294
68077597
22986169
75444051
98500213
95378572
34711227
95810892
17617073
66657418
21193758
76925699
28819557
48154324
43776290
52438812
96462697
47155126
87823526
49334876
76298588
96935107
63675342
56826196
78273356
71244435
36941994
34444881
20781378
57406140
95078542
49285344
75601117
62571002
45464564
54597414
19134333
85472809
32555556
97890521
96414316
49543254
69658963
70925059
25830314
63362197
45494598
75414280
97178612
29520099
78357492
52339718
58072356
95785934
97024139
10844632
53287468
59383937
47826443
63083528
57128559
83106542
94041470
36441827
25224905
59461396
82185865
38176984
37272023
36767444
61836870
43386138
35935092
57701735
17608550
66749047
67982889
14218007
88052077
92761051
13676511
76465942
27666426
10206354
82984798
49686188
64153101
17979174
68550181
86778784
36009379
10286365
66429360
65477382
78860524
15246454
58623087
33325089
87833903
57072516
83472302
42387425
69229505
37901876
47751169
60817770
47832801
27632712
57093797
12619437
15680796
99042422
78189566
67780815
53711493
55162229
81166550
59370434
12998955
83834376
54160933
98139305
81602735
89670350
62818831
15329159
44945225
18645041
48702978
22390979
41631882
13449049
42291833
89600157
12085803
22114957
71372228
76160148
71613318
60608401
16784504
71298349
11632351
64576688
91656990
15684106
13980473
13571516
11877519
72165123
45753129
59251529
11914368
17673715
43060318
91622469
16753217
48956888
64013136
59863267
40351894
25513425
97435768
34617161
84665397
57511343
12420046
90898553
10253375
54494687
31689162
24298384
84821166
24547881
73118657
46529847
26025744
46360656
18892116
73466861
37046306
24560671
89451223
32948809
38396517
52953457
75881972
21921159
19213364
42818246
40224314
77224944
45863243
24392434
58202990
93240928
41462936
53034101
94643088
76819053
38873929
16716382
19527813
83590312
74060149
16703044
72835506
10443612
82897011
35403063
44061343
32185277
10526896
74137774
53578531
94048822
34657862
32344694
70014902
88625470
65229369
60289754
96808144
28701015
87916216
82047768
82872013
26112487
91440067
13578605
62457950
12984234
11292850
23700780
42080209
79794795
22668904
82473332
77832574
22733429
63341587
55875436
38962873
83229684
80730050
39079028
98499798
13427476
48476575
19468746
23872245
51764210
38695275
25097750
14227966
81553956
10649146
55397537
99460629
31225884
47775511
82213756
52941235
62723721
66097457
88930092
21824212
35656480
56342356
67222960
40964820
39234838
25775705
68683769
47942471
87372601
80450488
47065022
59141259
92144658
44579022
68400756
49104539
34973856
25366177
93646272
61578848
81305199
11372682
78253544
99752314
73860353
83497685
37632553
86827046
19479866
18176986
34640389
53015149
11787899
51792865
80797904
92304519
96699662
37468955
82720087
60351797
86305356
70218620
72789742
52733734
37111654
77506861
62867375
84125284
45925222
60477306
57057135
56633637
36615779
80624962
85835433
17780465
31676706
18078175
10930113
79706522
43411489
10487702
30576661
51476863
49443549
60668690
10754225
69250313
59975053
55113041
18024196
54223957
17232709
58607756
12733857
30539877
43124947
66795213
98880624
32309971
33835587
38272095
73266035
90155474
76164220
53342001
52875614
33055406
50193757
99555044
76634896
68199484
98156360
47464397
86985074
78763347
44071144
24162931
54000196
82475713
99960725
48586534
72339035
65098953
27781151
77408326
92461560
90730510
48430961
82327488
93230450
24221190
66902876
43535406
72511669
79566111
99613426
19560609
83590714
67183533
51081897
84880125
86114736
88037360
99577328
85426933
12774795
91486022
34287863
82702506
76965528
35467389
46579462
84346980
27440532
46898677
77170495
81702251
48245584
71115940
47983441
86070764
88966500
60224464
63410415
59034905
56409006
42104496
86313648
26738903
52637574
69194348
26479031
22600603
59208042
17210721
54719115
52911078
59037147
81378670
19473841
27245584
99953191
78306652
29341472
97423702
17169354
42108514
50835820
36852184
83224840
95269714
52604504
25396214
90277417
88867542
70447670
21408433
39510634
27771432
37368384
99595215
53799035
65498920
30409443
82969067
44957801
24812296
97627792
25986946
26737715
56756648
28677009
94485305
78211049
56233462
35715315
80881661
67164612
74240857
29484372
27089431
24046833
26059076
65090950
79489158
78878580
45699808
33143658
84293555
28493700
81797367
61045049
71004963
97438946
86953839
28512151
86825742
49436367
38091318
30482932
37189463
57331955
79951914
72599075
97913371
31561146
84047640
12678687
46298364
18338845
33792890
46129605
90234419
15034615
56302038
41040474
13115962
90690813
51863799
72893712
70548587
47030067
59180163
82209225
68013657
74049896
89697285
79683999
73154248
50448214
27078974
51173366
50509612
78967364
24055038
46424728
11413079
19912376
68475662
19034328
85374501
42954016
87971129
44861656
58617812
84850967
62275824
98091612
34391521
58740054
85215640
99140785
79214385
81606739
19294006
38558928
63773435
61323374
30094804
94833633
12366765
49029683
18534860
71517595
19336713
92742613
21442387
65764161
33869738
28952142
10494206
41070685
33085433
29446144
93237273
12473566
96778159
81238312
89616830
66196004
38041865
24061909
19330113
52367284
65519695
96055733
91285307
58815716
98995497
34524296
47204729
39160254
36396022
83651045
17677039
71512237
80599869
40328766
34408334
41967530
78868019
63456517
76814831
68402430
32933387
15057075
48805361
66130898
72966257
62882984
57318138
15601919
16518163
72963400
21688129
48514280
90441564
64686308
10388624
75293060
91306976
42564841
42627252
20276570
10152583
55747192
33161765
19402678
15165425
20803005
99684291
37135593
38586973
82440062
82741580
58353603
27051871
73035441
85249808
99639588
72297694
60761311
76261034
33101274
18027300
47003761
61829849
99633208
98975373
63186745
60453258
37699926
35249178
40267603
16869512
39281526
91674735
48501027
58893303
16114826
38449886
50181074
60715919
88527627
82970401
80784532
74846882
67059711
98128303
43492810
23160406
25970957
80417883
12010160
37893030
42219902
14490903
64036753
95567174
71531405
40596417
36997373
56021297
19161036
63238318
95407594
17631795
86882799
37094667
19912599
98676115
54420357
74469196
13192699
43760666
23490891
71165970
60876938
17903665
40960804
63453275
68405438
88571471
51523689
33635683
55444081
52052060
34825416
43055684
67950151
89132017
78817338
95810239
63496916
39649129
54566648
84303270
65426316
66305887
97666627
41653156
15826765
33231552
31350054
19874726
29414016
88511781
88888915
45402645
94320840
51050977
38845216
86964112
39719813
37267186
17809116
20259547
86892557
71736271
86350182
91574276
96851310
20989320
54595450
75931572
55265242
64678442
89621850
29743994
74629880
28321096
30539083
30437438
83861772
58923598
55479226
78993935
64300127
76491935
16837520
32933343
37973753
46464326
99320747
88773264
25980952
60190941
18621435
69700160
87169837
34777041
64249840
49243774
14339261
98735283
67053843
82704685
74238547
39973357
55834927
44562401
41369913
66877114
79464760
70804962
76669549
61854104
87478338
63323096
92207123
41209724
63958736
97248826
69145178
29470096
33565423
58111638
28837254
89315244
22008834
35039756
39229882
45215507
50122179
34303573
39481373
34204694
23761018
39985914
59049269
75920500
24268199
84929504
55693658
68572737
83037963
42488206
27530081
49287623
51097953
42139551
31300685
31656071
18190811
70397908
80118707
94960712
24230056
99237194
48221608
76476359
30727112
81708942
40298066
18482371
76343182
27600429
92374110
92167984
72502565
23001638
11360042
63324125
48775884
27625588
26111587
73856683
65487793
64612293
19304715
30970150
51639589
90905403
45898151
42622060
48100439
34597466
80715263
20401950
83077955
38727562
79760993
85929946
47986727
78744887
61365471
56749329
40738910
93850660
11274553
29371557
78348593
42201984
99064047
19403568
95268162
81074760
78991632
86624414
23329306
42540499
33063716
66769592
74927519
24596101
83169979
12688386
85468543
72657472
76566953
69540901
49607908
79752254
92837474
65571081
91536944
95781981
60918147
89890745
68341605
33133131
55019392
87221832
57802702
19353264
11021887
54157281
80784735
88764397
21940882
32966749
21704152
25509614
12294394
97364403
48666420
53386028
32639231
82866694
57357213
60855944
95996547
25850911
16375361
58228695
28832735
80862146
69142285
71721208
13161793
56839817
87281044
92947473
62306310
24077815
63615026
50157523
41488782
75320147
73082832
93910790
97940104
16467992
80690588
91296847
27253883
31861781
40445554
24619716
69986019
34298278
79880164
18188564
39311397
75574643
73406609
38922944
86878620
30093538
13893552
96712794
57896287
61188135
89391130